-6.706905 7.271857
-6.324829 6.930205
-5.685407 7.293916
-5.400542 6.771134
-5.661264 6.279083
-5.478646 5.908201
-5.679459 5.523071
-5.676586 5.145507
-5.484042 4.787421
-5.455985 4.418085
-5.623052 4.005280
-5.600122 3.616024
-5.343715 3.299607
-5.476104 2.888079
-5.359428 2.364141
-4.797185 2.452371
-4.510782 2.716820
-4.253624 3.080989
-3.707850 2.867252
-3.367427 3.020393
-3.023469 3.184828
-2.671068 3.343687
-2.311907 3.492463
-1.901737 3.229544
-1.528590 3.045639
-1.149619 3.546714
-0.782871 3.259684
-0.368934 3.376459
0.065579 3.510691
0.281880 2.818226
0.691034 2.874406
1.085498 2.829658
1.292503 2.435126
1.650338 2.241613
2.185209 2.695994
2.495258 2.340268
2.829494 2.482365
3.302260 2.408446
3.461702 2.839053
3.603749 3.168291
3.659324 3.509005
3.901586 3.844040
3.868555 4.283739
4.191414 4.582231
4.510469 4.855980
4.790792 5.114662
5.007687 5.418811
5.118286 5.779109
5.427043 5.970520
5.377519 6.665877
6.084799 6.005995
6.271077 6.436074
6.522623 6.093978
6.984345 6.313959
7.558133 6.620282
7.781116 6.183327
8.072480 5.917481
8.243604 5.546037
8.631627 5.294475
8.527211 4.814431
8.801530 4.485434
8.957456 4.084957
8.577804 3.726734
8.977591 3.133998
8.176624 3.174940
8.020911 2.823461
7.749468 3.139232
7.295331 3.034473
6.990567 3.257442
6.690942 3.418913
6.292185 3.543231
6.260179 3.086030
6.077467 2.714188
6.129341 2.340317
5.762314 2.036647
6.064440 1.580176
6.060502 1.183590
5.829809 0.859474
5.312621 0.676792
5.410516 0.229140
5.411706 -0.208751
5.146567 -0.487113
4.771580 -0.702246
4.621416 -1.124935
4.818120 -1.510756
5.040373 -1.828432
5.377631 -2.054546
5.558509 -2.408605
5.595047 -2.869166
6.053230 -3.001944
6.290651 -3.284548
6.455130 -3.649389
6.523730 -4.043408
7.009699 -4.189393
6.756704 -4.551141
6.619969 -4.968893
6.268010 -5.278184
5.832217 -4.684962
5.531871 -4.863107
5.071295 -4.831891
4.949767 -4.418304
4.570621 -4.247277
4.451626 -3.838815
4.145366 -3.607539
3.979924 -3.225417
3.745322 -2.904349
3.159781 -3.222589
3.197645 -3.034617
3.361174 -3.030481
3.637780 -3.243629
3.338830 -3.927838
3.946453 -3.841162
3.926890 -4.434332
4.425022 -4.423928
4.444097 -4.818222
4.908225 -5.224368
4.146116 -5.052198
4.001066 -5.474484
3.679435 -5.845907
3.283020 -5.550659
2.824150 -5.821656
2.536800 -5.376500
2.073003 -5.438081
1.786323 -5.156832
1.616736 -4.772362
1.446480 -4.420724
1.015644 -4.263843
0.839557 -3.909201
0.936787 -3.108262
0.218647 -3.536555
-0.157488 -3.434491
-0.534088 -3.238212
-1.044954 -3.865089
-1.232126 -2.941060
-1.752346 -3.272949
-2.048229 -2.705615
-2.398973 -3.003350
-2.268637 -3.384181
-2.435464 -3.765560
-2.641794 -4.214583
-2.300554 -4.529541
-1.879602 -4.769637
-1.233210 -5.055004
-1.622057 -5.708433
-2.072567 -6.126220
-2.561232 -5.802648
-2.898159 -5.572273
-3.274811 -5.552712
-3.691104 -5.447831
-3.809049 -5.024068
-4.123768 -4.736030
-4.030597 -4.258007
-4.495401 -4.027713
-4.614033 -3.715160
-4.750874 -2.898170
-4.597336 -3.840962
-5.005377 -4.068585
-4.755781 -4.500781
-5.143332 -4.841985
-5.161032 -5.216498
-5.149244 -5.515697
-5.412395 -5.510596
-5.761452 -5.752496
-6.160552 -5.661334
-6.274941 -5.196190
-6.732436 -5.117905
-7.232312 -4.876164
-7.274539 -4.396755
-7.206151 -3.952712
-6.649083 -3.666703
-6.667016 -3.259395
-6.486581 -2.902105
-6.537308 -2.472314
-5.875032 -2.252396
-6.428809 -1.716171
-6.269357 -1.362245
-6.335300 -1.010845
-6.165399 -0.529573
-6.743090 -0.458654
-6.782660 0.011629
-7.110430 0.254419
-7.423864 0.516988
-7.345833 0.995949
-7.696034 1.262603
-7.910620 1.595864
-7.578777 2.079282
-8.120605 2.324983
-7.707973 2.775394
-7.939434 3.109401
-8.256393 3.461362
-8.408531 3.839578
-8.355721 4.231401
-7.930946 4.583754
-8.057821 4.995133
-7.978256 5.380220
-7.956989 5.795076
-7.756336 6.133235
-7.453814 6.388739
-7.369486 6.779785
-7.041847 6.990673
