-6.672096 7.072325
-6.298603 7.104884
-5.941473 6.960163
-5.707983 6.651056
-5.671410 6.278198
-5.642864 5.904069
-5.652691 5.523862
-5.620871 5.150252
-5.589050 4.776642
-5.544391 4.405065
-5.480067 4.036602
-5.383979 3.673171
-5.287890 3.309740
-5.250259 2.937050
-5.128595 2.577669
-4.797384 2.435964
-4.441267 2.578233
-4.096116 2.789742
-3.743851 2.956329
-3.384470 3.077993
-3.020476 3.170525
-2.651479 3.231478
-2.283551 3.299173
-1.911374 3.340041
-1.536564 3.364292
-1.157038 3.358761
-0.774484 3.334116
-0.385898 3.271382
0.002688 3.208647
0.373336 3.113806
0.734538 2.982107
1.083992 2.826822
1.401995 2.628249
1.738902 2.455694
2.113616 2.335177
2.497172 2.304207
2.864828 2.373621
3.217093 2.540207
3.509863 2.789772
3.760212 3.070159
3.907009 3.425779
4.008965 3.813979
4.122026 4.194110
4.268562 4.549921
4.418890 4.902976
4.613672 5.223735
4.812245 5.541738
5.012794 5.858306
5.261428 6.139938
5.555912 6.388257
5.908178 6.554844
6.276166 6.622164
6.645849 6.533411
7.020563 6.412893
7.376373 6.266357
7.694376 6.067784
7.974573 5.817174
8.235190 5.539615
8.446698 5.194465
8.613285 4.842199
8.681143 4.474297
8.681938 4.095772
8.650968 3.712217
8.530450 3.337503
8.336491 3.016148
8.021021 2.822828
7.653210 2.899760
7.335207 3.098333
7.017203 3.296906
6.714847 3.517015
6.360494 3.463018
6.239976 3.088304
6.272536 2.714811
6.241566 2.331255
6.210596 1.947700
6.090078 1.572986
6.001325 1.203303
5.849413 0.851398
5.708253 0.491682
5.527069 0.161045
5.329101 -0.157398
5.131133 -0.475841
4.887942 -0.761427
4.799189 -1.131110
4.861051 -1.499963
4.982715 -1.859343
5.220958 -2.167698
5.443442 -2.497742
5.697442 -2.784408
5.935684 -3.092763
6.173926 -3.401118
6.469710 -3.630274
6.768809 -3.854866
6.905825 -4.193217
6.785308 -4.567931
6.528355 -4.843518
6.176089 -5.010105
5.810327 -5.091481
5.461888 -4.973489
5.198255 -4.700081
4.918059 -4.449471
4.666960 -4.158812
4.401984 -3.887252
4.137009 -3.615693
3.872033 -3.344134
3.580323 -3.109370
3.288614 -2.874607
2.947028 -2.863839
3.086323 -3.187866
3.314281 -3.497850
3.524281 -3.748173
3.804478 -3.998783
4.083116 -4.251537
4.374825 -4.486301
4.666535 -4.721064
4.639875 -5.103937
4.375608 -5.374211
4.023342 -5.540797
3.656847 -5.617540
3.277642 -5.614039
2.889055 -5.551304
2.514342 -5.430787
2.177435 -5.258232
1.863983 -5.053394
1.579235 -4.809049
1.334031 -4.510276
1.095789 -4.201921
0.857547 -3.893566
0.592571 -3.622007
0.234964 -3.477943
-0.153622 -3.415209
-0.547240 -3.320710
-0.930795 -3.289740
-1.305509 -3.169222
-1.680223 -3.048705
-2.054937 -2.928187
-2.387524 -3.013434
-2.434030 -3.385702
-2.380848 -3.755929
-2.304105 -4.122424
-2.182440 -4.481805
-2.015854 -4.834070
-1.849267 -5.186336
-1.857498 -5.566290
-2.187376 -5.749142
-2.560986 -5.780962
-2.946231 -5.739330
-3.287795 -5.573185
-3.579504 -5.338422
-3.817746 -5.030067
-4.029255 -4.684916
-4.195842 -4.332651
-4.348569 -3.978190
-4.439171 -3.613890
-4.679682 -3.383148
-4.864956 -3.710813
-5.011492 -4.066623
-5.103534 -4.459852
-5.105197 -4.838765
-5.040873 -5.207228
-5.047897 -5.580071
-5.368929 -5.738271
-5.752484 -5.707301
-6.127198 -5.586783
-6.451403 -5.396746
-6.689646 -5.088391
-6.901154 -4.743240
-6.980569 -4.377168
-6.949599 -3.993613
-6.855100 -3.599995
-6.708564 -3.244185
-6.588047 -2.869471
-6.467529 -2.494757
-6.347011 -2.120043
-6.258258 -1.750360
-6.195524 -1.361774
-6.259848 -0.993312
-6.365418 -0.631382
-6.603660 -0.323027
-6.893646 -0.085891
-7.106878 0.256887
-7.345120 0.565242
-7.511707 0.917508
-7.678293 1.269773
-7.799958 1.629154
-7.895864 1.992614
-7.998365 2.355029
-8.075108 2.721525
-8.106928 3.095135
-8.138749 3.468746
-8.153955 3.844987
-8.154750 4.223512
-8.123780 4.607067
-8.061046 4.995654
-7.998311 5.384240
-7.903812 5.777857
-7.757276 6.133668
-7.584721 6.470575
-7.360130 6.769675
-7.035527 6.976236
