0.963782 8.075723
1.464324 7.888860
2.134132 7.928802
2.810421 7.522155
2.182324 6.806745
2.061290 6.343762
2.025858 5.867763
2.211605 5.348318
1.736446 4.956043
1.928926 4.437994
1.760257 3.981417
1.369655 3.557050
1.287815 3.085501
1.567370 2.558727
1.672884 2.068111
1.288111 1.619618
1.393423 1.126494
1.671332 0.618029
0.945375 0.169828
1.161676 -0.429161
1.513798 -0.294672
2.043803 -0.133449
2.237511 0.335030
2.196435 0.927601
2.420233 1.342823
3.034352 1.511526
3.140359 2.002979
3.329376 2.441125
3.523591 2.871284
4.105677 3.071597
3.886076 3.746980
4.539706 3.900851
4.496490 4.479063
4.801934 4.843707
5.306688 5.015730
5.551844 5.404405
5.988664 5.397707
6.585053 5.545264
6.630464 4.921352
6.885033 4.525786
6.494771 4.165972
6.305534 3.768411
6.210732 3.272090
5.781114 2.989255
5.510141 2.599416
5.491578 2.057226
5.376636 1.580074
4.882576 1.325793
4.730775 0.871664
4.485616 0.472745
4.430979 -0.032432
3.600395 -0.122525
3.903615 -0.802817
3.868110 -1.294942
3.371343 -1.596839
3.089410 -2.254678
3.727274 -2.081262
3.968124 -1.647638
4.641476 -1.928196
5.140474 -1.806607
5.431116 -1.394637
5.730147 -0.986226
6.354808 -1.036729
6.556958 -0.500011
6.962435 -0.245047
7.415476 -0.082267
7.870685 -0.046759
8.185363 0.120524
8.621273 0.437233
8.874501 0.081949
8.862685 -0.299629
9.036316 -0.799739
8.522125 -0.999509
8.520714 -1.772513
8.198476 -2.142393
7.625764 -2.163428
6.893295 -1.979597
6.751193 -2.590301
6.498751 -3.036247
5.818411 -2.934398
5.892528 -3.786088
5.271331 -3.804670
5.014600 -4.253625
4.487614 -4.406993
3.949458 -4.663224
4.095711 -5.253145
3.741803 -5.602966
3.481235 -5.985554
3.422159 -6.480144
2.772454 -6.638960
2.901355 -7.258025
2.557238 -7.589646
2.175877 -7.877015
2.288188 -8.583054
1.794177 -8.801875
1.479715 -9.183963
1.055801 -9.390444
0.570829 -9.293578
0.117063 -9.360444
-0.429685 -9.707291
-0.820489 -9.328131
-1.230356 -9.063420
-1.710022 -8.986132
-2.209043 -8.895645
-2.703168 -8.994040
-3.200643 -9.020547
-3.613481 -8.780845
-4.224489 -8.876630
-4.587849 -8.489200
-4.868872 -8.031249
-5.282396 -7.721851
-5.248232 -7.123321
-5.412923 -6.690255
-6.159339 -6.539371
-5.790570 -5.857407
-6.043684 -5.468449
-6.586894 -5.133600
-6.236196 -4.531535
-6.471402 -4.105588
-6.943685 -3.844673
-7.243224 -3.479345
-7.508185 -3.081959
-7.903869 -2.773459
-8.253931 -2.423978
-8.611013 -2.108241
-8.964860 -1.775299
-9.336051 -1.472529
-9.566087 -1.004647
-9.785648 -0.827520
-9.796974 -0.335666
-9.409480 0.086205
-8.849566 0.071408
-8.356788 -0.074987
-7.917613 -0.266964
-7.314921 0.004643
-7.036578 -0.538102
-6.603783 -0.738867
-6.121975 -0.906326
-6.115374 -1.651620
-5.303766 -1.454811
-5.306590 -2.138657
-4.728735 -2.265052
-4.568364 -2.871967
-4.158311 -2.671266
-4.170781 -2.181146
-3.933144 -1.744142
-3.905225 -1.238965
-4.168433 -0.757398
-3.746222 -0.225194
-4.163239 0.199403
-4.031698 0.703559
-4.318335 1.140670
-4.501309 1.581333
-4.610373 2.039633
-4.678233 2.505958
-4.442248 3.050128
-4.983491 3.390178
-4.763348 3.934669
-4.662108 4.445666
-5.254250 4.780249
-5.050901 5.315161
-5.468832 5.717749
-5.238474 6.193165
-5.012140 6.534663
-4.770496 6.867987
-4.415454 6.655105
-3.977798 6.761797
-3.722282 6.394529
-3.684893 5.930217
-3.495587 5.514235
-3.140327 5.134587
-3.000605 4.688012
-2.749301 4.273103
-2.828786 3.763229
-2.286712 3.449426
-2.527134 2.880747
-2.728303 2.316216
-2.467287 1.912777
-2.412716 1.441222
-1.930807 1.115252
-1.646680 0.730761
-1.151578 0.503188
-1.256195 0.095024
-0.833066 0.258468
-0.640638 0.710016
-0.766665 1.232551
-0.584669 1.673175
-0.736680 2.186770
-0.303141 2.598581
-0.459821 3.107068
-0.142948 3.524579
-0.662277 4.096178
-0.332598 4.529855
-0.141835 4.985235
-0.451637 5.522075
-0.007973 5.926381
-0.083627 6.423908
0.389457 6.812509
0.136219 7.401231
0.551331 7.748569
