0.997547 7.953751
1.480209 7.940772
1.878189 7.687353
2.106052 7.278788
2.180585 6.806711
2.124952 6.334634
2.045474 5.864606
1.973193 5.391596
1.875797 4.928989
1.792492 4.460546
1.720211 3.987536
1.647931 3.514527
1.575650 3.041517
1.503369 2.568507
1.431089 2.095497
1.394948 1.607518
1.322668 1.134508
1.286527 0.646528
1.250387 0.158549
1.250387 -0.344401
1.540547 -0.357625
1.864914 0.010967
2.149605 0.395994
2.407019 0.792319
2.660001 1.190480
2.912983 1.588640
3.165965 1.986801
3.416698 2.385894
3.670117 2.783874
3.897981 3.192439
4.141754 3.594414
4.379263 3.998984
4.632682 4.396964
4.864560 4.803866
5.139519 5.192924
5.539327 5.441929
5.998990 5.481988
6.439311 5.330789
6.743715 4.975098
6.824203 4.528629
6.698559 4.077722
6.454592 3.675827
6.201610 3.277667
5.963858 2.873197
5.695646 2.481345
5.457021 2.077237
5.225822 1.670054
4.975738 1.270692
4.747875 0.862127
4.520011 0.453562
4.292147 0.044997
4.064284 -0.363568
3.861975 -0.782719
3.659667 -1.201869
3.482913 -1.631605
3.382666 -2.093031
3.730746 -2.219818
4.158846 -2.039116
4.567677 -1.811894
4.955168 -1.533152
5.353052 -1.279501
5.740446 -1.000528
6.127841 -0.721554
6.515236 -0.442580
6.901062 -0.159820
7.290025 0.115367
7.697384 0.346145
8.140454 0.490706
8.628433 0.454565
8.984414 0.148859
9.092835 -0.309181
8.948274 -0.752251
8.646442 -1.130177
8.259047 -1.409151
7.871652 -1.688125
7.484090 -1.966694
7.096863 -2.246072
6.720053 -2.550601
6.346171 -2.835172
5.970819 -3.119134
5.604275 -3.448447
5.227785 -3.753746
4.861561 -4.083830
4.495337 -4.413914
4.216363 -4.801309
4.065165 -5.241630
3.888411 -5.671365
3.671788 -6.084587
3.458239 -6.499081
3.238104 -6.910848
2.985122 -7.309009
2.749093 -7.714191
2.470119 -8.101586
2.165591 -8.478396
1.835507 -8.844620
1.462619 -9.158616
1.050132 -9.377012
0.606418 -9.520019
0.103469 -9.520019
-0.366098 -9.439426
-0.812611 -9.303177
-1.255682 -9.158616
-1.718817 -9.062496
-2.216671 -9.050195
-2.704651 -9.014055
-3.192630 -8.977915
-3.638879 -8.841028
-4.048831 -8.616511
-4.424254 -8.308636
-4.779893 -7.952997
-5.074026 -7.571881
-5.337840 -7.178208
-5.565704 -6.769642
-5.768013 -6.350492
-5.970321 -5.931341
-6.121520 -5.491020
-6.230516 -5.033219
-6.375077 -4.590149
-6.591919 -4.177018
-6.854089 -3.782663
-7.133063 -3.395268
-7.437591 -3.018459
-7.793230 -2.662820
-8.148869 -2.307181
-8.525679 -2.002652
-8.902488 -1.698123
-9.279298 -1.393594
-9.677278 -1.140176
-9.964655 -0.840031
-9.685681 -0.452637
-9.289051 -0.195960
-8.831011 -0.087539
-8.358001 -0.087539
-7.892642 -0.178290
-7.456891 -0.340521
-7.033170 -0.531797
-6.635190 -0.785215
-6.247795 -1.064189
-5.879218 -1.388591
-5.545287 -1.694417
-5.215203 -2.060642
-4.910674 -2.437451
-4.544450 -2.767535
-4.170518 -2.658662
-4.025957 -2.215592
-3.953676 -1.742582
-3.953676 -1.239633
-3.967381 -0.742360
-4.025957 -0.263673
-4.098237 0.209336
-4.170518 0.682346
-4.242799 1.155356
-4.351220 1.613396
-4.440135 2.079515
-4.565779 2.530421
-4.640342 3.002486
-4.784903 3.445556
-4.891599 3.904311
-5.001745 4.361636
-5.117331 4.816708
-5.242974 5.267615
-5.343062 5.729106
-5.327008 6.208766
-5.182447 6.651836
-4.806249 6.956618
-4.349536 6.995962
-3.951162 6.794605
-3.661603 6.432765
-3.459294 6.013615
-3.339433 5.560314
-3.194871 5.117244
-3.056809 4.671481
-2.931165 4.220575
-2.797328 3.773063
-2.652767 3.329993
-2.508205 2.886923
-2.363644 2.443853
-2.200728 2.008385
-2.049530 1.568064
-1.893820 1.129612
-1.713119 0.701512
-1.519269 0.278857
-1.231598 -0.087539
-1.052957 0.337640
-0.917890 0.784643
-0.809469 1.242683
-0.701048 1.700723
-0.592627 2.158763
-0.520346 2.631772
-0.448066 3.104782
-0.339645 3.562822
-0.267364 4.035832
-0.195084 4.508842
-0.122803 4.981851
-0.028650 5.445802
0.045883 5.917878
0.120416 6.389955
0.202460 6.858921
0.346148 7.302353
0.599567 7.700333
